87131
40890
36065
72247
18776
52844
13528
70734
81317
18057
15371
73206
84604
88317
41005
88892
95139
16627
37925
48286
24647
24365
34544
76558
79998
60481
23222
74805
20802
93078
85864
16773
62608
30031
58117
15168
49370
21735
43443
98223
27354
44131
34312
44512
63511
15606
96389
88482
65826
30155
46098
30537
31080
83681
28491
70483
69906
86578
87916
26125
33865
44169
14036
83043
42835
30193
52866
39679
19622
14421
47573
80534
64609
48306
61352
60831
57244
26894
53068
35086
44691
54125
91374
70304
71226
45878
98536
19022
41417
31202
69834
95160
87863
57713
47313
64049
15958
21854
38143
48066
56827
46132
18277
57759
46016
96555
39846
45594
83819
91266
48815
12333
77444
77782
39420
11070
49777
37049
75116
78063
69891
71920
50330
99919
76201
17278
16492
42864
28672
42224
59622
10223
59224
57726
61216
91376
55546
80732
33301
74526
49755
60291
10552
82752
59059
62577
53991
32005
39493
82041
43052
81473
43800
30643
79981
22860
40332
60804
13956
56886
77670
10404
76893
15095
34351
26504
22805
62523
97732
74122
33536
41914
35112
30654
77195
30724
87800
43273
89978
65308
80172
73624
63749
71506
86898
84723
36006
30447
22378
73057
30282
68151
36196
11403
16144
98550
19095
66954
62400
47835
97905
20043
56583
71944
97276
77789
10448
70044
30627
34428
57171
32280
75149
37516
13282
87986
97477
43341
99837
81515
43981
38199
76244
83633
77845
85629
81032
26896
75405
25591
10123
33268
70460
25835
30379
85019
75273
44826
27328
13171
57423
74534
88803
36040
63182
30309
10280
74583
95058
88729
90729
66719
45880
75277
32999
81727
22105
24572
91472
53382
93236
30377
17121
89913
24575
99316
10344
42314
79122
86530
82730
71300
16852
23817
76498
29894
49756
64544
50695
19533
41540
20015
65958
66572
79957
29173
22711
20909
95429
42605
90658
34232
56424
77372
74593
61650
11940
10684
98804
12788
55108
86483
21906
11076
70001
20607
59741
85988
37226
65719
13896
34794
12141
42859
40799
11930
55626
75523
29291
85826
24706
57565
60244
33176
61955
35627
65808
80335
97503
64242
72662
10982
57630
94305
88618
16217
90442
83189
18735
23588
59052
71653
26300
97749
48569
79907
65298
72752
43125
21476
60335
19692
54203
57153
38993
81247
73019
20427
69638
82025
39041
14317
53712
52330
75237
87917
71503
46716
28196
93587
34990
15302
67452
22542
74220
29138
22640
74751
27709
34249
98279
24929
23675
69935
97073
89806
35238
49261
15196
20390
69668
38532
31608
40369
56500
76388
26732
10325
60023
22025
76914
96111
34718
56786
50914
12506
59718
34020
19230
43819
19569
18533
13597
86560
86741
51729
19941
97318
13845
99529
18860
68041
96327
37122
91859
88211
92322
87091
23248
62916
28915
62845
71082
78816
24480
50147
35285
73220
78209
87173
28846
39009
24522
96494
45628
78294
87212
90724
31991
75020
42436
43677
16834
65868
22520
41163
57086
96418
12162
97185
29741
14646
66990
40353
55064
58614
41070
45928
33926
94536
76764
70214
45572
92096
85922
97722
29986
73341
60475
20147
24674
62610
76122
79573
27705
41704
94316
31232
51243
65233
40402
31037
78704
32660
69781
36751
99402
26169
17953
35738
18803
48590
49821
75559
91524
79825
38086
70557
75151
90845
90806
30162
64834
18519
40230
22121
24039
97271
92446
48303
48588
68953
82558
78548
21641
76751
54146
43366
54284
29307
57830
99436
14748
66312
25195
28780
69175
31776
60342
17286
55086
95150
46548
35958
18259
39857
50177
45748
23539
58530
39648
34918
70270
78748
24049
87262
32731
93741
99792
73527
21992
63685
95097
26837
13789
16250
10184
42232
41007
62257
11745
99208
66199
24269
73308
60771
80149
71587
43155
97679
79605
14123
70439
80086
51625
21533
17167
45670
27780
88709
60559
67966
84315
44171
57680
13473
42873
53894
90976
75848
48126
32859
53434
33815
17934
90129
52055
54967
46508
80200
45490
46987
70765
55970
93343
77893
54716
47930
97242
26259
81998
74512
82144
15055
86879
13452
93412
52128
14843
92257
22311
64703
84955
25201
53974
24734
53583
56202
24084
97674
25589
28951
88192
10694
37952
51517
80158
43855
97809
13353
74004
21305
86648
44142
86788
33923
46848
93519
44503
19415
76264
89338
90394
88690
42898
78840
56888
40392
86071
93836
85695
91889
60305
32927
95952
53988
84174
14330
38603
55032
57279
82536
96790
59510
47313
16786
84421
37003
23260
99948
43307
72414
74473
99914
95135
70135
47715
81388
92752
80823
71853
49916
56194
95416
27893
51213
91622
35075
84293
33113
68768
88819
69161
92444
91420
40379
90499
62038
66852
19090
92505
67722
67629
62728
72742
10214
66737
48553
16479
75718
11752
81144
51706
87117
89065
19332
87783
74314
16186
30924
56084
33294
44751
65335
33307
51878
24156
50161
95397
86316
42263
81012
57294
11543
70298
51210
85717
30776
88236
75685
42138
78319
87233
85940
70205
92999
44700
34557
30583
36320
66381
11959
81053
96132
84328
48949
60256
83574
36906
36041
60724
99336
40650
22499
84470
55344
82502
51216
31310
22609
71362
36326
22941
88862
22549
46881
34945
18951
40346
54198
46908
73240
98872
28938
90057
20440
21159
70465
53240
72872
22434
67015
91615
84117
97820
73479
41143
56862
60649
55612
42513
61325
41871
37096
41060
52162
60891
36197
77374
85470
21582
72871
83640
98828
71855
83699
61453
88079
25479
73560
80546
50118
33976
89639
34650
34260
57298
13978
37721
32163
85187
97300
83401
68400
83549
31406
53913
79572
55495
90110
68626
82725
56529
55286
99025
49341
68490
30312
90805
68264
39175
33248
83336
46692
46498
69231
55728
48430
90655
32177
26757
95333
78246
60226
96027
91207
36640
14517
53210
78014
49292
15116
70934
61183
91365
23525
11997
21428
53851
37240
77832
80520
76284
78400
32533
87884
84549
18168
78792
69501
30246
24231
32011
57960
83927
86453
85255
72748
77092
39424
94175
44286
99619
22027
61140
10504
17180
16752
23716
64675
73873
72936
38243
29691
91242
75460
75148
55882
12992
25430
20077
17806
90470
51624
34381
24439
61044
44498
19931
61033
98849
77650
27226
51694
45459
81122
60351
43774
28606
78353
99133
96319
11103
21259
27646
48610
70840
75205
96773
92995
66470
37320
62190
23537
73343
51794
94875
77044
76855
71168
82327
92507
98459
23746
72321
49800
60573
94968
70205
91614
96035
59217
55189
11988
30201
14942
84991
55007
63577
44155
37457
19672
30793
25624
29847
89864
26048
23202
42963
36232
53189
90895
57069
82601
99200
11559
75313
26890
85922
62457
67656
47690
87786
58425
54828
86889
74266
42128
49272
31897
25043
31253
63783
67880
68528
54470
25164
38781
47648
86973
13903
71216
80389
75074
80732
99959
70860
77987
25323
66406
88893
96798
31980
58920
88350
69770
83500
97557
89180
91310
53114
87598
15975
33160
79930
85349
59622
77566
93335
36890
69781
29691
64395
50103
86561
47480
42670
97645
75579
48537
62968
40150
38760
23361
76104
55746
47661
56170
60814
11788
86893
36941
41841
70320
33628
67677
46325
89830
36907
71176
25039
46981
45822
33748
72355
92026
33079
66117
61566
78059
99840
68141
95330
82575
39308
11772
52488
40450
53809
24932
84938
40005
51624
39900
31716
35605
65551
76181
51340
27238
43350
64173
74596
94680
14862
32709
76943
59995
90381
23931
88836
78997
34874
59929
94566
78981
20209
46127
49772
93363
16917
30418
13396
93811
55904
84779
51885
90918
46334
94406
99194
56374
52672
17468
26579
56289
80501
17806
22843
45733
14841
84729
85208
18878
42317
61524
27538
70275
34435
33574
82689
33480
74603
39297
62288
89198
39517
40871
71824
82984
41383
12003
72211
50050
91772
39119
16382
82941
89535
81733
20910
63900
53384
98830
58062
67315
13018
98455
72139
43975
14114
26684
90556
55181
24252
96203
54752
33799
66687
50214
45864
99959
74851
79988
22538
41683
90634
24903
95286
25843
30748
43276
39800
74290
96048
68806
93256
69731
33329
58382
98876
71651
66078
30792
83710
83607
42684
64281
72514
93739
48773
42169
34639
15739
96236
25624
94572
18235
12824
88260
77320
54218
88453
36456
48854
38563
15901
40245
69989
41360
30193
91405
39901
68281
25640
28809
87129
27235
96240
48191
49698
27822
58458
81866
98657
16170
78206
17562
44859
65422
63440
47336
21401
62076
72208
71783
52872
67518
17345
27862
23568
55728
88400
23169
93340
74960
82540
86927
41876
91741
64688
74794
50407
92023
84146
46898
11324
74883
44153
94507
73833
70613
54622
15342
70365
15216
11029
75850
55221
25515
85250
99336
62408
14777
82912
94271
99777
17064
25532
19494
43796
55629
56927
63830
34649
67452
78664
40555
73267
94856
93290
14105
74336
89927
81499
40187
48665
99594
90657
43579
35921
92503
99535
16254
99133
65366
76015
31776
83811
49841
69522
24730
33608
90317
53544
26256
12805
87752
97598
25142
37487
54643
44815
29743
88753
13096
32737
29065
60013
19711
35306
53708
37421
24542
19098
95467
30415
66797
61027
96739
48430
73136
58565
78292
57936
13822
83074
31842
32987
21586
34057
42951
51026
35573
22492
28349
31130
26112
50412
29683
34042
97374
34901
91985
59758
34101
21226
96163
85027
25181
24974
33033
15194
16932
73924
85681
96159
79351
36613
27425
17603
58253
93370
83452
92323
52040
85101
91677
16437
85909
62162
80653
45887
23865
30500
90593
59227
17730
66992
78115
77798
98492
83440
75942
83636
53829
90846
75263
53345
50047
93986
53145
14794
83572
39124
65197
65512
82012
18150
92365
45224
88182
19367
93264
27405
88797
52148
91457
63612
96192
34063
38351
77520
46103
77368
94080
87477
68661
27925
32053
58539
93169
79241
27498
54399
98691
99275
35053
60529
20316
67675
49482
23475
35095
81286
44635
16045
66952
65526
48978
90790
93448
61023
84180
35435
27601
57127
13615
83299
12545
39389
79803
73471
62429
50814
91981
57047
99990
66936
21442
50525
42916
60845
39877
53512
87083
30381
64311
77364
96757
47948
14940
29967
69913
44320
84771
34435
16114
67773
32640
54295
99249
69895
83032
64401
85425
18352
68058
62199
56673
85510
12134
54762
87694
63841
36642
30135
44366
59622
99034
59895
52566
48407
43990
20324
93372
72657
27155
74638
79366
92599
32011
80618
67381
11298
66932
57077
12995
62197
59448
53694
82464
61940
64795
33093
68937
20954
11527
17218
72114
10770
90419
33960
19737
15692
65292
45551
25384
11455
22831
58459
52967
13439
74361
85636
67649
44657
98444
10065
79113
11048
60913
45825
94711
57321
37672
33510
14011
72939
25009
54538
32492
83765
74932
31982
97618
68819
54921
21604
17141
79198
56866
36913
23604
74058
55333
78054
48325
94912
86801
51187
45459
63569
93371
86152
69041
63771
49765
47293
59497
74817
23085
93346
69031
36414
10829
27471
29775
89695
25942
32606
14870
47150
92107
25301
49205
36197
89129
28934
25865
81375
55828
21003
69204
81538
44257
48725
98776
12852
59275
71092
55783
91610
70647
56523
55063
18603
98870
19013
53190
43965
26606
26136
93545
59726
72642
11768
60345
60612
68230
21338
42495
13896
78014
74176
10884
25314
44650
70255
67761
58189
14699
47317
62880
76466
61003
66309
44332
79296
18731
84042
13162
90019
56514
44092
36400
11290
43368
39902
54089
82957
43587
23951
90541
41095
65884
61162
17084
21906
37647
21254
69074
95564
38364
24491
95925
80694
56366
51854
25160
80168
98979
42137
10176
37449
13935
58403
43638
12389
29116
85322
49603
69244
86095
32048
15222
99405
39386
47297
11594
24795
74553
68280
29656
54268
34538
94725
60435
76879
52348
74233
81617
71627
66426
78084
91531
83594
20287
98943
57978
53981
94734
99243
45893
30812
60190
45974
40838
33533
82748
42643
93049
53331
32391
64984
74081
51978
97778
83087
46600
67221
56150
21292
16000
85494
37681
88555
17354
95092
35387
56509
15108
46235
87581
43046
89313
85714
70631
25586
55251
10108
77467
20558
94270
75200
50340
58450
31717
98904
67586
56307
92851
38560
69661
85345
21286
74103
14635
22885
55199
62045
83830
19521
40201
53490
22586
45700
48081
28937
13391
16867
31786
47243
76722
83195
78507
59771
34885
54835
65658
30491
43714
81972
17305
70032
95718
56998
81993
73015
31957
93339
85558
74323
54789
86495
16694
45881
55329
82895
57902
27482
96685
55175
91640
43820
18881
37855
60244
74368
79379
67710
10982
94988
68203
12834
62531
35309
44459
56292
62153
74344
37243
79189
35674
83665
25952
82386
33195
17554
26845
75836
55580
76985
71071
56817
34798
92796
86718
93146
70678
37059
15133
11030
37154
81092
85115
41811
73097
87074
62784
25381
65586
19810
12835
94252
14159
96012
65869
56540
59037
54951
44271
78670
70128
15076
78811
89299
68334
41561
84385
17595
80548
65766
65541
16670
16708
88202
70819
51228
76517
80077
29061
81666
21176
90549
59578
14121
29636
43022
45795
12327
51248
37232
67779
89774
95181
80292
53610
73133
26242
74192
83151
44208
43025
37598
27465
41422
49727
11368
30175
69361
35463
23388
70371
90308
57950
16377
50856
78552
25422
63879
31342
80411
59910
98447
76068
23296
35352
16972
92251
96794
87139
46155
32216
91143
81294
22829
12738
86324
53008
32255
74497
46705
49689
54955
41204
16300
26046
23512
77813
36358
19447
99629
80818
29833
22928
29718
51804
29279
27472
42960
96588
53318
63428
15119
12978
36366
21881
27460
87691
19827
19578
59248
78457
56980
27622
31437
91224
56133
63483
27514
97596
92830
60902
67298
38871
11707
45987
38506
83376
48003
17394
46628
14762
40045
64012
19476
42050
83382
27742
41102
45248
66898
16676
44967
94605
73018
89315
65360
79890
35769
86804
28255
75998
28931
41580
89479
48471
65690
10955
50126
83226
90618
86271
40746
96930
98887
22255
56460
13754
22135
29486
65522
99422
42594
59659
30308
37838
60250
79680
70780
69473
32347
69593
26324
17826
90033
60636
54592
66242
34216
99122
20602
49301
14521
32643
24619
28071
54535
30014
47476
70937
55663
47655
62627
92192
59357
13204
10415
24959
28428
23646
80880
52225
43437
89346
65602
95217
61868
81128
96185
72386
40841
78068
84650
96406
79493
35615
79522
16054
35983
41571
11326
33212
46586
58035
57820
98532
41846
17277
31192
33672
87340
92684
51702
59690
16283
89948
36005
86468
42173
59048
43363
65947
67799
47225
41035
20347
87353
83822
87988
53014
17869
41589
20719
74284
15484
30342
17786
97611
60949
12487
38271
99586
33337
54716
76660
73648
78346
88006
74476
35403
52815
48732
73921
79142
63187
72166
30062
53667
43889
31098
90501
10702
49478
56632
40352
11594
81849
23868
74135
37557
49880
89404
45328
79030
98268
20856
97559
74053
55389
36706
86443
88289
70700
57569
72690
26383
31773
63344
77682
43140
35088
43853
57355
59653
83476
79083
45419
94795
17951
44085
99866
12127
32121
16695
70541
55587
15269
84291
39055
89389
64321
54515
21489
77107
88340
51642
24515
85729
51692
63828
39055
44856
48780
11616
54503
14470
50136
91671
95648
97076
93790
20516
37842
37331
34778
44082
64939
28113
91131
53735
79306
48990
94843
88573
65330
48157
90428
43545
80119
83659
26621
39199
60598
62924
17253
80905
43316
69886
62222
83843
76194
75876
57688
54729
18967
44410
27710
62777
86299
46784
16441
73609
26797
67680
40538
16611
63007
77118
18809
86541
56169
96258
73758
64324
25662
59278
17358
50172
73162
41340
88146
40546
60040
65504
98292
60798
73071
70345
88312
10235
13105
75798
89611
26990
49850
27848
17590
83479
90184
48684
39230
12025
49154
67289
21370
15228
83282
66431
96721
12234
59666
82115
91908
21595
69522
46782
24254
68381
53012
13353
98206
63377
23950
48601
34898
62003
11989
98896
50408
12738
94101
15852
27754
75576
37281
26046
13759
37149
16603
77908
36156
39270
75207
51136
31034
56555
86862
80243
31224
46481
13420
43117
42459
12596
50407
45637
90433
27855
26259
83578
72174
67136
24013
77364
36656
71737
84990
30380
43880
14736
35957
87037
26480
42030
70669
45006
18281
87503
36252
70054
18800
17491
77876
59907
33775
24668
77045
19769
35787
27795
84914
81096
84211
77031
20880
82303
23712
84483
21182
92759
29311
74604
49669
51539
26325
84047
56838
25032
49503
42524
57043
46000
31088
56088
68740
45995
48067
44340
73409
82633
83271
77564
13570
35338
24743
74644
54386
55460
25253
41957
30028
92209
20375
42986
90193
18690
19815
21578
68599
87332
63711
49220
68330
33576
13536
69802
33305
37896
88652
26557
96431
34623
18156
13398
99541
64692
24145
99276
97777
85003
26566
44527
59102
88242
75908
22112
94885
93754
59186
83277
87679
62231
53073
79479
14823
80341
87276
39941
50521
65177
60576
78460
32787
87625
64431
83656
33270
35694
96964
13523
25730
67659
19210
91250
77998
98371
81268
59653
58137
20965
66008
81762
89518
20453
56016
76304
89778
91155
75231
96744
65742
39260
26228
79809
18151
76415
66874
62002
38884
22882
47785
98417
93708
28442
26891
34809
58245
57301
52762
78597
22824
54009
88896
37244
64217
61700
65171
66822
64402
63369
33435
98764
78415
63095
81531
36712
30311
24555
25507
48153
18298
56951
41228
99499
78620
19637
85000
90068
25429
21785
64226
39318
54872
47287
25938
40135
25758
57178
68496
58694
54908
31097
99022
67344
49225
49909
36195
63419
64334
46166
89474
79651
83711
48731
67398
67537
59365
57453
53248
77460
50924
74150
81029
65596
53825
78687
77422
30270
62748
11595
45631
58924
40793
99203
18547
21243
27546
93141
22338
27192
77235
22211
21072
35245
40796
74544
50027
16211
22653
83171
83971
57772
81738
69333
34449
10449
84957
47287
80654
23387
80797
60683
58792
33776
25651
97337
20117
20019
99078
92721
54232
48557
28702
55036
19933
60408
33307
16769
81447
93252
63782
60985
26459
37594
29081
89213
73645
83992
59907
71814
36911
87938
91200
76395
13807
76568
55672
75399
16395
78410
27726
34260
19652
74683
82824
28720
98622
35651
34757
84614
31920
91397
47666
56911
57666
42625
87649
70350
31562
61054
20307
90371
65803
58056
24656
55123
16245
47029
39099
30634
61486
25701
60818
65107
62590
81681
66215
14347
57592
93794
50673
59612
49810
44550
83939
81554
17752
56947
68706
29697
52044
38521
26245
33560
10446
30990
30009
22657
36687
19974
29248
12350
83025
52242
53456
74721
55057
78106
21047
36612
81961
95286
14456
82923
52430
55277
92410
15099
73096
98092
72237
59358
45145
51317
16731
28305
92914
60251
57716
37027
20533
97092
44779
60873
41264
84126
95194
90647
36723
72838
36300
14136
44890
80526
38625
86666
90131
35779
61199
12019
62057
43314
97013
96267
97525
99112
78352
40293
13270
30833
20408
26094
84032
12690
43562
71263
62796
30266
28505
73789
80672
31060
83959
89814
82399
62766
35223
78754
39564
65740
98561
83690
50631
55962
17513
79317
20702
50252
85126
37523
34889
12326
55140
54127
12425
59668
30480
10952
97792
47214
64944
13521
34870
26504
27494
65760
84141
66326
52067
90348
62436
36145
33167
27099
27451
72208
59729
25799
50754
53969
64571
78454
38908
72728
91015
36436
10774
39456
32348
67294
22583
45524
41621
24670
72042
73333
62537
35591
92829
49827
49196
90419
15415
94183
67879
33173
27061
61954
20909
81170
14145
36359
30716
64225
98925
87197
96809
64198
58297
22143
31496
96582
47896
56423
44868
69406
37955
57089
55451
31712
53284
96275
54176
84877
91465
87409
19627
62592
88178
78175
24851
39375
64801
53900
51015
49907
92597
67642
59580
72471
67715
12432
31305
75379
38338
63608
98011
11360
33115
23154
38531
73995
21552
46758
86829
17593
26468
19792
37289
92356
82264
19696
65351
68441
92982
50644
40995
41443
55511
66866
65344
59240
49123
37065
82353
51490
99845
96700
93085
60738
31246
41844
16415
72587
85686
60057
43971
61896
23289
64854
54811
91781
78814
70555
42984
11595
57831
14667
71476
97620
92735
29776
20139
63883
71538
91050
61867
86828
89842
31668
59493
81915
69000
61893
86816
14444
67899
87387
60610
61882
55580
27524
48458
75222
46417
50697
14482
86813
65548
46948
71246
96853
84462
76826
86355
86115
19792
36291
30151
95507
55763
53253
12797
45092
10203
72166
55928
82341
33811
23222
45595
61981
33567
26966
63931
46517
95729
62216
75464
10749
43296
73757
84653
73666
66672
73601
78361
12043
40686
39242
18380
66466
17507
39859
60139
32616
37857
54167
28281
95143
10662
39123
91578
14776
69126
92228
86595
13406
64548
92289
52183
20090
62411
25250
44803
24440
62649
63732
28463
40728
28727
92585
65520
45339
91842
96721
11884
42983
44566
81499
96390
13636
74692
42265
12615
15691
14278
37486
93078
77124
78361
88740
74352
69985
54359
64370
35958
50207
10704
70733
38811
31964
98976
57984
86484
34261
82823
81362
63399
83929
50666
55674
39981
26814
94523
52946
12117
96383
51937
84041
98837
94838
65134
24269
49051
93334
96428
51913
32771
11467
29220
60516
18576
34172
99135
45715
25832
68904
32961
45520
34453
83039
19339
68033
79760
19319
89478
98951
21068
49726
14489
90987
99165
94798
27531
72657
50686
51618
93695
94269
51426
56467
15105
67403
25980
43397
79417
51511
38081
16945
54673
74659
75352
21326
89310
11000
44391
75384
85750
13162
59380
59993
97154
98937
69264
97419
59350
82641
32882
76270
81084
61202
41716
42186
45604
50743
25987
68623
19910
30270
17126
77292
93532
46468
94178
38324
37450
46334
15960
13494
91220
80815
18968
55701
60944
89861
98757
20625
99705
87822
40965
51740
63008
68783
14812
95064
16414
30819
19492
59347
92116
14562
89185
87991
79836
18097
18042
70467
75145
67348
38294
49463
11325
85620
37254
73616
61080
99004
61042
68354
32909
81966
25384
65602
64744
61546
86053
16978
75309
62675
59755
48272
18348
25425
69743
83363
61201
24575
24750
27486
22444
89653
39805
98894
65979
85906
16301
36730
74329
70590
39123
91583
65944
72333
63830
23578
48088
67557
63512
27874
77610
35671
69244
32798
92893
28155
17760
32716
73008
86643
86114
92605
81918
95127
19205
77470
99375
36564
22154
37045
90360
20492
86323
92947
80451
47600
41567
24447
10753
18898
29221
31735
89622
86149
66994
89773
78063
84188
35851
86624
28772
78742
64908
40771
16904
53845
48101
49397
11170
69752
24743
26474
67710
13046
17624
17261
51656
57800
31879
46403
43281
49591
92836
57380
99113
30850
86123
44337
39099
37749
32594
38706
41951
33118
16384
76093
57198
15962
48767
90980
28309
48796
87496
41725
91338
16513
49190
14872
50309
39204
54148
31991
25488
37190
63646
75316
56484
67432
66571
35552
73096
98811
98816
14267
78265
95714
87859
97859
51413
27680
62929
93501
68871
38698
39569
52876
23077
22222
91459
38083
92987
31612
56124
95901
86236
31523
28324
81255
80645
36345
57750
76762
61314
79998
29000
41107
60510
44539
72159
20318
30230
12049
49068
14439
76720
23158
72304
13733
69082
46437
10066
88560
43006
38326
49750
23161
79283
11688
43519
39361
80215
30736
93079
35594
30566
24610
68003
29720
76659
33197
93666
56322
71026
36320
36291
94181
38238
38227
71880
38652
20539
98452
17128
65958
27820
39692
17602
31034
74692
66799
79824
67576
78705
38947
85591
34293
67225
26062
61665
30485
93982
62680
24654
52307
78270
56994
97235
56926
98341
30193
42559
40277
66824
99844
30017
58565
59002
49124
44688
91463
22035
68984
50337
46102
60907
64562
64502
67371
59790
36486
63202
18234
44575
57618
44682
79772
89837
44180
79541
36335
67320
68754
22425
37994
50832
22824
25649
38387
96455
50655
45293
90710
25234
14610
76644
50696
37057
37531
43255
98143
55860
79785
44757
56292
85906
30194
39698
38026
73683
47579
99222
32133
83934
98963
40574
72682
21455
87414
68784
95085
42066
27670
87368
67693
88654
57101
94316
69939
66803
24100
25623
14892
29574
95124
44827
39920
93760
28819
95283
31586
52889
77886
87881
86001
44569
26540
13533
80822
15697
22936
19592
19780
79177
61856
87113
23395
77755
14845
58948
63701
78647
79455
51311
57026
73806
27391
69427
52492
64623
75382
73526
59597
75599
18280
97528
71659
44742
92018
35579
39810
78287
28211
75123
30205
43730
94299
30499
79368
73926
15272
75627
67992
43445
11463
40497
84884
24844
21831
59670
26554
62629
62151
34150
88134
13340
37394
42470
81473
18730
85354
31321
54022
42240
89674
82794
40396
71729
39492
58558
82973
93938
43976
50285
74971
12002
45325
87642
23028
72215
40306
48765
74414
98668
32455
78822
90706
87600
38190
88751
18648
42392
23766
94902
53697
94914
66253
41653
41237
61175
44398
97458
36980
60587
14789
64207
69086
44919
13296
60289
83054
82622
35536
62900
56740
69706
55571
63632
21673
86563
75947
90214
87953
32500
66550
40761
56520
19141
68656
10485
67864
83221
90552
33580
26251
52469
71191
83083
37010
44010
86302
32147
80470
21183
14947
27988
38888
52819
34856
58727
23232
29502
93131
32506
42614
97003
89795
98337
72841
87601
27763
34723
20347
61925
31849
63564
91489
89751
11783
23404
19166
91835
73287
27677
64089
91736
85152
94929
69015
60707
19616
93999
32940
51402
80359
76896
46202
27562
20008
76044
45403
51783
49302
51826
31767
35444
66995
92697
23955
38559
29833
81354
53644
10654
46809
63273
24159
42924
84878
36994
65489
41772
46966
28685
70665
99590
52899
81521
11856
13513
99964
58360
45784
53999
64201
65806
85190
36084
33364
81281
72070
26488
27374
74543
52667
24526
43583
89430
81962
94476
31263
83644
96434
60288
12389
22359
21681
24831
98708
37195
98665
66430
24180
65594
92343
68882
25032
20388
94058
48246
23833
72309
54117
22469
86767
98594
85946
40932
53255
57421
87592
13556
98842
74723
19822
29093
49363
69267
33555
83821
22881
19668
72116
11454
59504
11122
23590
17319
37515
56859
39858
54410
77542
44410
27947
13526
64950
12310
48372
99119
27245
18328
67328
72007
39909
35939
56114
30895
89651
99885
43115
47456
64536
16355
30933
42164
93746
33725
90278
95790
21271
16047
24237
92741
61772
57904
60357
41501
20789
27124
93244
89545
35484
26704
10668
37661
70126
38021
24892
42508
67912
73961
97538
51571
67462
37250
67093
10280
31133
36581
47675
43505
36017
28799
54207
65376
32226
19152
60666
65416
94486
68565
86841
53380
57214
10730
70711
58109
82690
28380
39739
97879
99378
48604
72232
17674
25802
68876
37893
24878
82027
34229
82265
78236
36947
21645
46677
28195
45053
47179
39191
76809
63693
30485
35151
42999
13259
52654
63246
57806
72144
68628
32121
20649
11398
59881
91661
27706
20937
51519
99550
73747
20840
32762
43442
25169
98399
99555
32372
78348
33459
69787
62639
75216
47420
26815
93556
48841
79973
62306
84923
57161
39036
35945
80168
21776
29798
79572
29750
26577
48171
85834
30111
39958
29699
56324
89134
83978
42608
52535
49204
39745
36805
82911
36694
92902
44103
47207
71119
96460
72375
10515
83334
30543
46427
31538
29764
30603
98408
95499
30860
42190
46989
81399
88270
72589
99445
65445
56628
17130
48623
71036
77829
86074
27697
31433
93456
46307
34098
33818
34006
79264
10964
97865
62661
89465
59904
74085
17952
46198
70657
39864
46545
10041
38535
14946
27235
43308
78244
37788
65097
71188
31412
79149
96904
77755
70975
69021
58099
18517
65125
66807
75852
78710
18397
18380
64813
70940
93657
33600
34896
36113
83560
17504
41081
76771
57126
70650
18259
70572
16754
37043
31788
53847
80911
57136
25852
10991
25259
29844
42707
76265
99580
12605
34007
57502
93770
72983
34962
38327
25356
21450
36020
78346
96212
14506
21910
80416
23411
66726
84875
55652
69172
42371
13855
69746
58697
92876
55514
58040
83028
54323
10234
86852
67600
38704
46378
99312
52297
94318
38431
22151
19728
38399
84065
31801
56988
62123
44382
23501
80631
24908
15927
75274
37113
12520
61549
52983
96628
32883
17653
28704
18439
98943
82503
55926
35351
50085
97349
65401
33247
50000
60809
35750
64252
98755
51208
42334
13418
17469
45349
69644
22426
93885
42869
73883
72328
54818
93442
27815
97578
58941
56752
44906
86559
86340
83620
82421
42817
62871
44341
23855
76323
83004
29828
28631
40692
64319
84776
98320
69624
34236
14696
89140
54459
39143
58327
54566
80173
63351
10838
35398
72778
99478
75668
29609
73246
34017
44195
65574
27684
66938
66296
66855
96890
90225
63635
84601
93849
40604
73096
69177
30682
14506
79430
90728
28915
45267
61994
52727
16179
34644
26447
98449
11464
40601
90973
30725
81760
62420
82757
96848
75314
96691
20075
33260
53942
60086
54932
69045
92518
19484
36439
39619
91892
11977
52917
19277
59771
93285
71872
79704
44775
77981
57517
96011
17040
70235
19084
72767
90927
24524
26990
31740
87362
16956
65789
18269
62250
25146
35077
75444
76056
41408
87605
97982
19536
27954
24723
74452
45407
93362
67367
14017
63745
66923
77344
72023
33834
96534
75219
77272
46727
63254
38167
73149
90914
53377
36934
80844
94368
34201
72924
55457
45390
51447
13531
41824
87644
81865
29345
64920
96712
13914
21142
98709
45636
91793
91983
55895
69160
75706
16398
15292
85333
80569
94689
29886
94651
22428
61088
91892
98909
40986
22753
22830
67061
28066
62592
67809
41380
31154
89037
93160
79224
49419
28283
13710
84885
25504
82083
48706
12457
53094
86206
35788
80785
69051
82970
53348
30677
24080
58063
14867
93018
95907
99141
14889
27076
32165
79787
29446
64599
47321
62542
14248
92093
90219
11757
90283
44615
12624
52247
17609
52299
96054
14074
87477
58230
58434
96734
56234
17928
27021
73372
38391
67654
10489
10799
10730
90705
53222
36937
46904
69437
53198
61517
14972
89290
45638
37535
73951
18062
91240
60542
86792
66226
69809
94941
39126
39292
22799
42622
48140
49027
63788
74895
91962
67261
90977
55789
91291
34624
42945
25210
13996
32643
60128
12349
56662
57956
21111
13466
77717
63557
23791
78711
90513
74805
90514
71689
37421
56402
53161
11133
45082
17950
22810
91061
29370
66074
36034
21943
44341
24543
12543
44716
97177
28003
81094
17276
40970
66261
28953
44048
11779
83193
48222
56499
60849
70823
45792
42948
77843
46657
99308
63587
96888
21621
47390
42544
94261
91108
82370
65387
28756
35005
36527
99589
61183
95059
43516
75538
19382
13230
93647
78839
61074
51308
99246
83181
91378
36199
41942
13878
27765
18534
15387
69002
64603
61421
95430
51446
86582
42989
11368
51041
50495
59482
63344
90801
64087
94243
85847
27832
24787
14213
67503
65186
78617
29430
89469
50567
60629
85536
62120
71004
95679
27262
62588
68622
39066
83277
75801
38422
75618
28478
66548
11983
87920
83241
15295
94756
78341
68060
47644
15535
83439
27033
90913
52741
25194
18630
44271
39753
33521
49854
63960
93414
23892
75185
37791
40483
54643
60681
94161
24914
50450
20374
29933
70711
90722
41280
32224
53966
81238
32547
78898
48362
65253
22080
41747
62287
82769
57652
15045
79876
88757
52216
61845
71034
92721
73586
31876
73741
93308
99229
53284
57848
28252
99468
72294
17067
54923
52277
16327
65695
49874
26757
67534
74524
89619
59951
40630
65795
88695
79226
31856
48414
75909
10226
27012
53701
40588
28542
84911
24965
75351
22088
40914
84713
95287
26556
34863
98773
27442
41704
97395
63174
44334
61045
60787
12793
81079
66728
76463
94027
13864
10652
67299
58341
25861
50533
14097
28563
17360
46672
16793
73526
52411
36126
90347
13734
21333
51346
40075
63032
47983
17193
40754
52301
27515
27973
89113
38419
82181
53492
84518
67523
33297
43305
89816
83338
71153
61035
20510
70314
39284
43622
14899
69973
25567
87436
26514
67771
82890
48846
10541
15831
27469
72115
66841
24449
92874
74583
25977
80957
72176
68961
98302
11991
98549
78873
87863
36025
16751
72793
75128
18730
29859
15092
49688
69833
43189
62300
41513
84216
89114
72560
82233
90273
23862
41766
47168
12703
24524
79175
26362
98710
19129
95199
34585
50462
28480
56642
55266
12229
26526
72943
17137
57265
12097
49130
39008
78149
95500
71715
85130
97791
18984
95053
25733
99299
19483
17440
27980
24614
38036
38359
67326
98542
76973
62254
19722
18604
38462
38163
73412
29966
66469
77585
34681
38938
98788
17632
89783
42934
45798
54678
77686
70716
81298
95682
35731
57545
95693
13398
85201
17817
66862
83200
70180
56620
41383
99891
22960
60649
26598
94314
69584
90428
47747
66990
53679
51913
99694
16503
99956
62934
53254
30265
60957
57859
14526
76310
61400
70202
69158
74323
31902
37848
94860
50999
83344
70133
99884
67144
18009
71097
70236
63882
99954
36338
91411
64690
81043
50195
78002
26084
67253
67342
21321
29862
91647
60195
46723
60104
92553
31009
86624
81972
21189
37729
37133
39852
40351
94760
60965
83509
46525
92846
65711
26302
14615
84419
17665
65464
33500
98745
12675
33048
82781
67039
35951
42997
31186
55155
25456
51527
18568
94709
56100
88240
33526
16457
80769
98373
37690
47583
53958
28182
64084
11203
46838
48222
39289
10043
29387
93456
55672
84269
44365
46653
15152
67108
29497
49326
27019
28021
49482
65427
22916
68159
86310
46013
96523
36423
58048
53216
15862
99676
70259
26352
73150
94042
90986
14167
89822
87437
12469
81821
29136
60747
68171
38820
33242
36536
42685
55580
32127
70848
25584
77142
34670
36568
91587
68860
62435
63850
50063
98900
54614
65425
50992
66637
59822
78004
59926
47212
14182
65004
84868
27816
73556
87954
40518
22329
49712
74939
90460
58814
46345
88670
63151
80769
72745
42931
62141
76523
67910
51281
61304
44532
59567
95179
25908
85412
57660
45626
19649
45400
85080
72814
65878
91581
99055
85680
97922
68662
60362
30229
29230
24335
94689
17607
80400
34502
27809
17232
69451
10950
68733
17307
98242
41068
56081
64014
61909
62663
10682
42375
60736
19909
77207
72794
95980
33906
92226
13453
84472
27041
93747
34273
85537
33188
77739
90786
36093
84642
47457
43824
58942
65721
86310
60321
43385
48719
28650
36607
60198
33442
13856
89720
35105
11692
75108
28970
47165
15334
13400
20759
28271
76416
81263
74844
29364
12205
52595
90490
30873
34363
68534
41918
10355
81870
93994
44619
44585
24807
55928
81567
81171
97864
98587
49096
89011
33218
89445
10946
53804
98308
76526
31615
17230
25089
43746
83195
69982
17659
62907
78247
16493
38278
98477
96319
81511
12386
19924
64393
83816
28424
86966
91356
55062
96716
82138
85222
24891
44522
82376
35922
28992
40558
35546
82425
94451
88826
97283
72714
76649
13079
64126
60581
70549
92251
16541
26811
53696
63725
15845
55368
28169
17403
36789
44852
22207
91161
26219
54742
75941
21442
49947
89252
26512
69861
60153
21270
58744
54309
91227
77398
40729
64019
97509
63509
61817
62617
28310
51883
44129
37114
59703
32904
71740
60485
39997
52277
29513
47650
44732
57307
59051
45840
88338
34558
73455
19341
73969
38320
28287
65288
13495
68487
61926
86719
79921
50573
68889
58166
40634
38541
53145
51997
39891
14456
43885
43558
75071
29700
66108
82719
70709
97597
48474
62959
33811
50768
95971
99069
98166
50888
32858
16788
66749
50998
37792
85396
12092
64991
67093
36384
80998
17603
20819
11330
45824
61652
67525
98226
62238
78289
25580
14217
40177
80935
87404
80724
94727
91652
85662
96848
68411
87489
45797
63319
75331
24649
73586
54777
77252
39729
82436
61145
37844
42425
25778
71275
28802
90031
98382
80572
92959
97557
65761
87283
46116
88277
22786
21967
78602
94389
71682
77004
39853
79142
55605
87963
96672
49705
66779
62502
75078
42332
19613
41875
16886
12711
53820
64062
94703
72332
33959
38937
38752
83010
34953
18218
47371
86521
46839
14759
20144
23604
85668
93153
21971
46687
73286
25453
62138
25247
93237
55046
34084
59751
67272
19464
85744
14593
55507
26620
23171
52983
95712
72758
10298
76719
50020
98787
39624
15265
82043
55198
30991
49183
65854
98448
13155
41463
26808
95734
93921
32655
11707
70690
60164
15664
71924
95282
44476
95228
33102
90501
56103
47326
39526
58532
33336
50744
94731
91294
89499
59826
92674
92239
91941
14520
50562
68912
46588
74438
16418
40145
79703
11783
14643
25411
35434
12031
11654
68007
28440
23891
83451
43596
48245
42932
12505
96101
73844
65561
59651
49400
82752
61164
36516
66288
87799
90471
86117
41962
20323
91077
43821
12993
78554
16539
58561
12591
80986
56675
69586
84223
81422
26265
98372
69619
43328
43972
45944
20950
89155
76236
23376
64876
23797
83598
63524
89959
79614
28990
49417
14216
73436
63459
14757
88553
40450
97347
54065
18086
76045
72774
28363
91519
33706
35747
43478
24584
43196
48581
44237
30778
48348
64332
28416
92944
87759
50103
95954
31812
74690
70281
43421
19178
99984
39932
52316
38106
60312
94158
20429
36568
37475
15837
24864
26511
27636
93175
54150
75069
22861
63931
74093
71977
35316
18111
42687
80511
25989
73806
78021
89898
31876
28914
55559
46572
77806
66160
67846
21325
23779
55886
31035
72666
85274
37796
52430
81464
44704
93015
76292
76640
89808
24703
77917
96897
10855
40288
49502
44700
13694
86346
35674
67563
94242
90817
82876
65446
49452
74435
45929
27411
56349
93954
71398
17866
41490
23858
52298
43803
11824
14986
96751
89673
77363
17304
41411
76582
62957
29990
65780
80252
19858
81626
29079
22270
62362
90308
53260
89125
68899
79770
75042
94431
86163
77886
35795
20557
11957
76089
22532
90106
81306
11196
53871
54180
98159
72412
81145
76705
63215
37695
16525
58421
17908
18624
40692
16491
95061
77989
79359
35935
87330
11769
35559
68261
27536
80551
82638
28098
98480
93658
86285
78136
32346
16026
20051
14021
81079
25997
20094
61525
87084
14820
47525
42587
68130
53891
31830
35509
76702
44777
30143
85293
30764
50060
94206
71946
40423
32329
97898
69516
31798
61701
85359
94894
76649
93352
43557
50204
63859
58254
69538
39675
41904
35489
50841
90198
85030
95826
35941
14318
27558
98114
50709
53365
67877
78658
82620
32583
96818
11455
77946
63119
48190
23539
64311
79485
95169
81934
55559
72236
20726
37103
68890
97343
43010
18877
83860
21730
70408
55096
24394
80039
11109
70260
30692
75049
95427
91304
11528
65247
23902
83412
35764
68270
24894
12001
22010
79943
83667
86372
86467
95099
27565
61832
32508
39306
58745
16395
70677
55136
22600
29820
85452
85992
94220
14521
94505
92196
40559
43755
55018
65247
32502
74768
60154
13094
17197
78361
12463
81936
37209
24952
30724
82873
33698
72018
44704
81487
95216
10640
69510
97529
71370
36031
34385
83706
21087
93352
69901
91534
22984
50695
58236
17343
63585
64278
96081
37550
50428
55522
79903
14905
97820
87865
41799
13804
27102
94010
62181
74006
78721
56190
12345
66253
43677
70887
71825
19845
21588
98092
86154
58255
10939
62479
96100
14783
89391
87721
92533
38039
60734
21722
70913
33300
10800
76288
80320
34056
65886
54607
13220
33674
11089
68013
59129
21121
43065
49624
93789
49285
98947
45305
37577
15583
77391
80145
89478
59357
93557
84496
13749
66793
41304
52150
29499
31326
67066
28134
98491
83135
43765
74310
66261
96561
52048
22931
95157
61499
41577
30548
68818
78876
58615
70174
86741
48157
39557
45515
14091
23079
12701
94142
50840
44309
70887
70586
10556
60942
26830
82043
40850
61695
37469
39022
50715
16350
36397
37265
69238
34697
28532
25343
26707
93234
37609
55522
76062
27584
32765
75815
34003
23740
58670
45482
11031
13052
91693
85743
76938
98621
68266
86936
18604
31627
77727
45709
58520
54936
70492
52594
48986
32464
95922
59432
26442
32080
91549
88154
81825
51707
27219
15558
66862
73139
87876
53152
24381
75937
18989
44006
76210
10073
27893
13298
10971
20148
57686
59837
61590
51942
97185
13668
93929
35047
61486
53016
98482
11883
23421
49461
81119
52422
51809
21354
62241
74327
48027
89098
36298
20766
95820
36407
54532
67560
41919
40285
74345
13933
43147
24057
84318
48273
61594
35139
93871
37000
12426
75343
67721
51894
20844
65928
62940
28347
16969
90173
69149
58987
99251
71900
10296
21287
55522
94411
96456
65487
94760
23904
81564
72691
40730
93921
62402
53452
16663
19212
57739
19871
57890
43961
40171
45363
43341
74505
34033
13983
78419
38656
71292
16735
63832
57306
20195
37333
39882
15416
10394
78540
17852
17732
92104
25550
59443
79023
48772
35148
73227
32810
99952
42473
51167
21728
34187
95743
60727
35029
21751
75725
47362
35159
72192
15052
97233
32216
43936
38969
38583
31249
98662
39946
33758
85296
29041
66881
56179
50602
81836
74739
14972
96608
89787
90605
61455
63988
15607
26164
84338
36672
41649
77241
35246
61251
35685
31412
97752
30578
30596
29157
76737
31535
69686
86677
82470
49542
75261
84151
37559
10813
68139
12633
82711
23080
33185
25098
38575
13257
63146
28277
13284
57369
79967
87231
70490
74748
95240
92291
15051
53179
87054
69413
55166
53573
23560
47409
23153
19243
80453
93843
49517
92669
50257
30838
92292
62501
22777
73779
19276
18284
83248
30219
13986
16648
37544
53489
16836
20659
18052
97614
99259
41640
68504
90266
28166
84086
63889
10397
29707
30416
96467
30498
98093
75421
60047
99784
76440
75221
58100
15743
24113
78491
90426
84034
69132
83316
54020
44085
77731
68647
40577
68808
41967
21083
80492
74917
80814
69029
29530
25712
16390
39973
50328
46704
85753
85138
44598
93500
54093
14421
54499
47172
73539
52597
95870
14574
83047
12446
92573
93427
53474
57832
52223
21672
66267
66744
40139
86796
28685
63867
55322
40619
87658
21628
37492
15905
91923
86214
16797
98774
53642
83616
71877
15246
58117
24516
94348
94255
99188
20383
99277
93564
92323
26076
88949
19381
41128
89066
56051
50929
33966
55275
95664
19433
78483
35294
20561
61970
48443
85292
56243
70387
34720
66822
70423
28748
41129
35632
37200
48643
86874
38167
99499
23259
44331
83602
99061
38080
63178
97407
80645
59628
14458
45843
32901
33101
82162
47919
62374
47785
99915
37634
28073
28046
73345
60255
99452
49752
77181
26181
32903
72029
75120
42099
73423
97869
43051
72042
85656
33823
23238
63065
82804
57312
35282
50848
75583
70643
14724
20692
10171
91924
80234
35715
68291
86431
57981
87625
76614
77798
23538
18251
99835
20917
69736
20529
26067
50450
14228
83789
28499
54078
99247
22225
99598
75546
52700
28662
77742
17374
93301
80591
66922
63296
15784
66495
92356
25165
54066
19342
21344
51210
34625
13970
17882
51220
73206
36077
99428
48360
96051
50957
80570
35021
87909
40962
94308
31016
36214
49152
81544
29670
34055
10992
86181
48728
12492
38912
65924
22891
69954
15418
39164
22003
77678
58317
49606
46735
42611
21296
88323
11342
62757
26248
69776
78428
36857
46840
96963
14114
87398
59840
79361
20972
32404
95695
21859
97103
97917
18110
27302
51164
47410
60751
64402
73042
62345
89525
55045
43465
76145
71093
96694
92571
63854
80660
42071
73486
29143
89843
25435
50063
48027
71881
97255
28883
98449
90252
26578
52852
56709
83756
49278
33049
37430
36161
96465
56699
39833
70380
34864
54792
71134
29115
83997
79522
63853
35267
44230
32233
48366
49995
22862
71934
91514
14127
11065
55456
92039
53538
79484
34192
25366
69314
57010
13267
49508
97713
15824
75264
93107
15977
77688
62142
45614
25693
68274
84569
64319
24524
40569
56105
69912
35119
32003
37123
84365
43424
94294
43423
44492
65607
19450
46791
52675
13325
17659
35216
43029
37986
97217
87885
87700
91139
27951
87684
17655
46335
90796
90787
45835
27447
68712
75093
71968
73267
38987
74400
24502
25208
35571
87264
93990
63155
60923
37670
71187
73902
34148
95996
24781
79792
11457
30276
72220
68171
24796
66648
41511
93645
57093
11496
51787
58202
24747
94779
52337
64943
50068
87260
80143
17252
50300
40513
54010
61584
52212
98248
89294
28734
11061
62219
59462
17113
36786
79823
88606
80587
55343
57891
38520
50543
35537
69120
74336
24028
42701
67235
59114
75223
93190
93267
89496
28349
92043
52252
40554
30032
56119
89511
70402
58242
37572
37124
65676
97022
42084
50390
61047
44371
23531
98829
78323
54072
78736
35784
57728
81678
10283
44950
82636
80195
84629
14663
45312
15514
51713
16120
35029
63670
66060
95840
43704
41157
75317
54691
61220
63899
42971
27264
66737
82365
82075
67251
39318
28811
11133
61510
31935
96028
11127
44444
79650
60454
82304
39659
72972
74787
79279
78767
56849
22292
56500
87928
20128
69597
63988
55844
13139
89772
87067
49159
66289
76258
78542
10914
44351
59589
63164
98946
54136
31364
98808
28027
26954
26680
73559
53261
72066
79047
97811
34321
29748
15881
49686
70250
84215
85487
94113
73259
54802
15713
92967
11611
37818
73866
55146
48103
17490
70125
17180
96878
17856
12407
48379
75731
47263
94087
87940
45155
83082
44920
17757
66199
99790
66426
34830
64817
27161
62954
88631
38980
94114
54772
74094
12547
80245
26197
85712
13083
96239
70888
29048
49220
86703
49142
61409
87709
99801
67564
39084
39438
58722
80385
91832
68550
59756
26769
51878
64648
63328
46554
96446
36550
79444
36579
48576
41254
28062
63410
28316
83889
56550
50722
81680
79961
54807
81095
45444
46201
15755
50652
62908
80804
43306
13207
28817
67016
35622
64497
91500
16796
93458
64520
92737
23200
39587
40584
13923
76553
32500
80878
95451
95145
40672
49013
21039
14835
61981
39016
90731
58567
79628
68938
50840
23347
75449
32477
88883
37019
76082
37853
76636
52955
50247
40123
24788
33193
92921
34150
67818
17777
58627
34876
24703
63077
15654
56773
85035
40129
47121
62733
52967
45174
21498
57430
64826
26575
87963
89868
43479
80497
40260
95217
35366
20720
59691
46475
84460
29942
98447
82845
20477
81049
25815
43398
64400
22529
34783
79870
35315
13942
80303
84970
77968
30117
46043
60235
46138
68803
26214
45732
11239
44948
86257
21661
88542
55452
46828
47811
90955
19343
60252
33390
71310
53251
94594
77970
43086
97351
85249
85342
43891
19698
68294
18717
36524
92103
23093
82620
44421
37327
11881
65627
71934
47962
83510
95457
67161
82463
45794
40925
13410
60270
62974
48880
64585
20046
56735
18810
30206
34194
41763
18736
78481
85666
55666
71481
68130
36111
64079
35235
87903
71027
96323
72759
91102
23534
48836
95396
46373
18612
78285
48696
94849
68131
21351
60009
30679
44534
50740
98698
92899
98581
16841
23668
19728
78446
35848
95387
53405
28823
91455
70599
18309
34761
46824
73841
74301
65102
72333
58676
49674
12070
65821
70080
12039
82246
18988
73750
22621
84360
18802
19952
95460
31285
94661
70941
95624
65629
45160
93617
35356
44000
54997
38585
61818
18228
28785
54286
83031
16413
88194
88365
17539
84518
17833
51041
73970
90595
13625
23982
73859
36987
31275
75433
30488
41140
41853
35171
54073
75266
93519
98927
14348
51067
20977
25606
14296
72400
40826
51318
33827
54590
80204
13160
28188
36440
85149
20205
93012
97547
50574
79962
49204
50463
81138
80226
73671
81995
25212
22265
93177
36444
75071
52503
73958
66521
70274
64241
13234
41756
91607
75628
54974
25084
12362
11304
31032
93755
11532
47847
44630
15220
91702
71683
35202
62828
91943
25977
35298
24384
49841
90127
14291
67654
59445
83080
18267
72781
39098
22503
14343
71372
10219
79549
62927
94443
90100
99176
19455
57370
11964
70617
19607
35332
55742
80089
57349
52211
21595
17293
11301
58251
26317
67890
65382
68569
55289
59080
90720
86618
55945
34691
84401
75802
79511
31145
29296
52061
24354
25110
10223
15294
78459
25490
69316
30067
93242
14690
20193
86215
45642
29170
52083
72273
42647
86011
84285
41589
82115
92395
28561
22369
89355
74304
28982
50390
34346
79312
83095
39916
83965
90794
68708
17500
98919
67783
44912
62921
96475
51428
37689
30058
42429
88768
13629
50205
86582
88219
76227
37044
56351
98532
17460
54617
30735
75101
58854
67501
54022
79706
72167
20253
89948
97979
39805
78011
99477
25570
40655
61295
84451
62785
21321
41490
70734
35749
34009
39980
77096
85510
38317
95160
64036
32915
74333
35140
72177
61356
31882
94025
78994
76020
58981
74510
65552
41590
66910
19411
78574
24300
90932
59717
21595
49417
12706
17849
18730
53650
80475
43000
61878
92707
90132
27758
15710
78110
83592
39149
54490
55908
45859
35105
62882
26844
67755
91537
43682
54675
94300
78368
42497
43987
50686
80822
17792
73102
50878
83903
76136
53459
48839
56534
61338
23368
94851
12606
33855
88638
41842
72924
79460
46105
20264
64833
43455
74042
35213
52275
84836
64182
31015
72567
60995
96314
96218
21845
80788
39868
64699
20397
83186
33764
46989
56423
46788
25046
39101
11878
98233
11401
66513
48801
36049
98604
90045
63955
65501
93485
48975
71461
46423
47775
14920
35958
60962
36014
66759
98563
69378
97509
91612
56834
59994
86202
97022
13503
76191
83945
68002
98414
32672
25969
85897
98462
14690
75363
72265
58949
53518
13954
71476
84710
12640
89888
31131
34290
71753
74555
76161
75222
73908
90022
78449
36157
66265
35543
32040
54633
27215
59979
35057
68386
20749
78996
48015
19787
41956
73119
43023
85994
46204
79433
46284
27822
98686
61748
64115
55109
19582
39364
99655
32878
60416
41067
64439
86365
88516
32705
17805
51909
76884
13024
65584
56732
48779
29095
34915
70276
44406
95403
70352
39393
72832
85832
59093
12287
84397
90592
28079
78026
89916
13914
20868
42983
26034
85054
52267
31996
63206
25607
26739
39562
30481
53119
25327
52823
99363
55839
91087
31507
51671
36849
72260
11063
10655
98775
31393
91506
43510
65360
33446
23454
83485
68757
87385
99053
58025
89273
69754
52066
65536
32318
81852
56459
67213
84800
29855
67205
52029
95394
41764
38981
54911
68890
78838
53751
43721
95595
48262
23180
88119
66727
93638
44812
57478
29747
43709
58211
77723
62152
19517
69864
12333
61738
65983
87516
54853
46820
12958
29512
69801
94760
92672
30939
70588
19094
85869
36626
16693
94269
75554
57656
33086
33929
71646
63894
86842
71475
29946
65864
52689
57628
62646
61647
26468
59590
38666
54850
28479
28452
44680
58518
70384
79071
51839
27377
66348
62054
59937
21133
68395
78555
90787
96436
92916
24917
68520
91467
82961
94244
37127
83507
10504
82556
66470
31680
95321
95022
77505
22955
44524
79859
31758
82656
45697
54253
41938
89615
61999
77347
62128
37651
28312
45700
37180
41080
44872
47669
23441
45125
49337
33713
44929
96895
70997
70359
56617
27559
54099
30796
26724
84536
49593
22941
27353
59530
74282
87557
55767
74979
14716
78718
77022
93119
80010
59492
34554
14204
12236
40453
43521
47695
16926
93518
10517
51778
82911
21475
73439
39878
67469
12012
33328
16656
88224
16670
20175
31842
64821
84703
18686
61495
92483
22942
15198
40962
17063
43443
63290
82626
88819
51430
35082
75816
23184
97790
57320
45799
53845
22050
83046
70055
62071
55319
77375
41216
65972
51871
80410
54509
16653
41738
52196
26361
40083
41196
58788
46971
71733
74013
21439
60047
33057
63869
66621
84959
23215
56623
63163
40772
42888
85390
78873
95441
57796
68100
61113
92121
10433
88364
54370
70968
28663
84560
22148
93123
20158
53608
19383
67857
77803
45997
83934
96487
96949
63265
98702
23235
73250
33664
83625
25796
75004
50924
24143
10059
84516
29338
19540
94875
63678
41565
79498
92494
97956
27612
51596
57524
92991
83079
69009
67905
82950
61543
37182
18799
63563
65076
96402
36493
70733
89285
12488
78443
33603
98424
50888
28180
43297
51745
63350
58945
17249
52051
28882
88334
45274
21624
97836
11459
40724
73905
13929
92595
94512
34390
79726
40713
32265
54149
16924
76373
87684
90852
57376
20749
69181
96771
19618
72568
99113
82630
27662
44418
98961
39119
80330
66119
77923
11399
62401
81123
43085
49371
87478
92189
57144
67565
98689
45151
23196
30579
10811
54835
19092
36886
85016
64543
10581
79811
14849
28058
22141
12831
17612
84537
90622
98326
10425
19961
79537
15498
31725
51538
34255
40779
80263
64453
68152
58787
39351
77927
80121
62439
97693
97510
65514
24514
85400
35774
91625
74856
41261
34826
79610
67969
44258
72434
51945
75608
14130
37422
70525
81930
18623
11847
39899
86982
99154
36079
76382
20540
99520
66532
11269
59735
71987
46027
20059
68622
16937
55776
57024
52842
13376
27691
18432
17495
36658
17031
13070
92159
36977
83068
91526
29709
83193
36198
40159
12065
54521
88321
77902
31947
62119
95544
69075
49369
90406
51104
98400
59184
21070
10461
42276
54354
77577
78800
36875
15823
27967
18257
35826
54696
59793
18584
70196
71396
27402
95253
47837
16421
62468
83715
82343
51096
41912
69671
25164
54130
41993
89187
89828
66960
61046
50818
72271
64006
62691
81521
36780
95612
25158
11250
60081
68732
51589
96061
52122
88912
12005
69948
14848
49492
65134
22620
65422
53257
84076
51352
64834
80526
13844
23861
73154
70585
80445
69027
98638
82485
79586
65333
54242
92404
16025
92694
23438
37352
37841
55571
44369
54425
30126
50172
81181
18487
23998
35973
61095
33067
97485
76336
33083
89749
44569
66288
24610
89308
23245
36376
76697
90712
40110
49942
78695
35202
48494
66794
27629
38687
41501
61398
21094
49467
12360
68723
54223
36914
27797
31153
46013
49434
63131
16336
75893
60462
42322
15519
73675
11678
13524
28526
73541
40138
28971
24462
37198
68297
43416
90838
33676
42975
31572
15735
27487
77224
89520
99040
71241
59601
32147
18038
59974
14117
77226
41881
60347
12847
91381
60916
13458
77897
92745
27346
62990
22368
82118
42470
78571
17762
58748
10060
23432
10067
82360
29733
35620
37480
47331
87966
91738
47563
59050
93040
18638
44086
31036
91317
65830
20985
21587
42078
27076
38082
58734
38245
33279
47734
86082
57741
67083
81257
30597
42068
46279
25671
50279
81480
50541
93526
87262
71532
63004
89185
50693
10266
62680
51445
90362
14576
46841
37795
85349
88893
33888
89770
11962
87641
36606
53636
25065
13798
61789
69213
96825
19367
64982
17357
64426
27408
97033
66937
27545
72311
55023
10523
11218
12195
96308
36645
64368
71982
92412
65122
76312
24976
33739
62696
11578
36287
23491
71119
35743
31611
31759
50075
25836
32318
13933
75069
21118
65591
60088
24138
38894
21495
65178
83659
64541
36366
36627
49585
55068
12911
28818
76070
29490
68416
63297
48006
42889
41917
86305
80309
64481
66625
43385
94331
77146
71073
72278
74505
85510
88247
80035
67917
91724
38453
73352
87236
42108
42295
38099
41637
33896
29424
26081
88553
42204
25249
52132
70967
74312
96128
66998
96517
26679
29966
65857
46650
57005
71853
68397
57484
49400
69872
93454
64114
88810
74370
10736
77846
79625
25503
42992
47373
12848
40153
11258
76313
69861
60207
82682
94178
20102
56594
41957
37168
33768
53333
58256
15143
33599
98613
14480
96945
12018
30680
94271
14405
11034
62676
60104
60189
39930
86271
49260
88786
50103
25542
99987
71403
32040
45106
35528
66106
20182
74854
58649
15616
42140
58259
61744
97318
67398
86906
24175
20259
65599
36424
19294
88344
13709
50176
43940
98421
90480
60466
72369
56445
54599
58544
71988
85518
11372
89175
46314
63918
25494
34740
29191
81778
97039
19972
88187
26344
89451
36213
30897
43039
31982
11139
94440
89097
83349
92456
55761
95195
93228
43252
58123
35697
91569
30519
47944
45354
63647
32719
71205
28526
15159
45569
40045
56400
37476
28405
25378
76061
43349
64399
18942
84932
35690
31753
22262
14808
80603
20737
20296
15396
44330
16430
30795
18317
98675
85920
68521
52482
23618
44054
52922
29455
47248
78797
50161
83863
39400
29154
24835
55454
58768
98890
91496
10457
87698
25569
75015
48823
80224
79651
31287
45764
23753
59673
25664
35884
55293
74005
53744
26072
79763
55399
81102
86786
27216
89574
57818
56252
42335
30270
81159
63751
33500
48631
74060
79510
11029
30728
26553
28710
13988
76517
95662
47361
29140
90088
69284
34392
84075
79977
30265
92198
88346
27111
92392
31076
88341
84597
60636
22108
87734
16092
24452
64464
96247
63254
96065
18396
50928
28148
58472
98751
51427
59486
80990
51416
76146
77717
81338
40449
78585
84123
45533
39609
37343
35856
82555
20498
82416
87072
72404
25720
97096
37510
14982
81998
93809
13779
83757
90167
88166
61836
45179
17030
71198
83463
60105
96920
70789
89218
55579
87463
53498
56869
80772
78466
44710
69733
59764
81899
60428
86788
67189
91886
49718
39002
66642
28659
62328
57100
62090
13942
92113
58705
86923
58129
85317
70404
53748
80088
82800
50399
13450
91056
83833
54544
32651
68444
36627
29265
86874
74460
71141
75897
49131
64609
61012
51161
59623
43457
18912
40038
34037
13025
60075
39413
22019
68694
29870
27751
28065
58898
30408
31805
44647
46232
91162
15806
19984
56407
78620
48845
47394
27144
59604
11467
64841
60604
77168
53234
11232
63772
23161
73720
77372
28824
62557
88928
63129
67620
82700
76361
72430
88842
42740
56082
62509
40873
37737
61960
22833
99078
42060
25594
48531
39252
54510
12595
13899
94089
81587
26869
11896
32990
25632
90128
93390
50416
53125
88774
73827
75501
71689
32922
22954
27748
29232
88438
26590
33045
64274
26125
92720
47650
75124
41121
38218
74459
30741
84601
13572
40867
86512
95742
18542
15448
95444
59326
17442
98122
87484
92741
29073
15910
54699
25374
56354
80697
30063
87360
30018
40679
93454
44531
73445
51720
68282
82152
83096
29436
27867
61768
11348
55838
32656
74937
83900
97453
30048
41135
35666
16770
96417
89345
96109
48686
88343
66935
56720
86036
71266
30941
15113
19576
31460
79422
77001
60662
93225
30855
85720
56780
51378
50315
87339
32581
14651
48325
50214
54892
62263
38688
64654
48138
55534
59342
88884
67820
52721
17759
90625
55161
97392
76085
83569
83137
86596
87297
68791
30577
98209
31072
12812
70108
32234
85622
74348
78567
15445
41488
46091
71373
63091
64069
52079
81931
41251
25121
23433
44516
98556
74194
46834
69331
84445
88500
86495
38320
11457
11973
51912
22522
35099
90610
94682
69500
36930
37633
94360
55783
14898
19402
74800
66909
59599
59742
96007
52669
32609
11462
71563
53461
77761
98011
88057
14668
69909
47489
20345
33391
70298
63514
67421
59143
26704
97863
36198
16859
78507
20874
96040
62550
46378
76957
67906
74703
12558
72481
49272
35680
32299
40021
77633
35554
22682
47418
60396
74643
95687
71677
85506
59987
70147
87140
97097
35765
20588
25366
82471
77504
51631
32837
57094
17211
63585
48667
61232
42434
93226
41979
11537
40877
95824
88032
26517
10165
24629
90334
77901
86366
67680
72607
51598
53820
10594
14712
61672
52620
49485
35607
23393
72644
17996
21226
11165
43028
21212
11296
66582
89353
49504
33708
62219
97533
91563
93370
50806
42219
31303
29258
74219
69308
56911
21492
69033
75034
42127
54725
84794
59325
86639
34340
34719
16532
59482
53397
31619
30927
46586
86795
84827
29320
30816
29763
11771
15936
94370
43006
44107
89956
10979
97531
91356
17958
56687
75749
32441
58354
62370
31523
78955
52098
43071
26235
48325
32934
88534
46233
81022
60639
34419
73105
74655
12057
75816
80607
94639
39727
14593
36859
80909
42570
63951
21894
14022
66063
65196
76168
19212
40023
52841
34061
37890
74938
10651
64880
78573
39931
73943
23233
76743
20553
92844
69366
19307
86985
45863
95912
90068
40195
15393
96972
17448
97992
11744
75998
58179
50534
69109
56959
74499
82154
94640
57009
34156
11427
82386
11346
48179
94949
50443
56252
77469
11649
89978
85643
90093
23328
17143
18618
88117
55253
59166
32605
43061
72878
55832
83591
69970
87400
12472
84308
49926
10869
76366
48156
23837
94090
30344
91334
64413
53888
83706
69062
31949
53920
43266
56154
83295
94680
87013
64309
56298
16216
78211
15315
57072
36977
87125
70486
68747
55394
64325
74538
15943
29470
73419
37442
31897
29942
21365
13749
69683
49099
67803
12533
89334
95825
94636
83250
98896
60627
19058
76279
44789
29032
94740
14604
13081
38040
30074
60237
49334
30671
15205
91096
42378
72397
21221
70301
58993
77674
56691
12366
50381
82413
83261
96651
95135
84476
31434
75166
11886
99246
56199
86526
63574
94469
70897
71035
83537
92328
22094
84967
12212
65494
30624
62858
91815
11831
43634
73462
39390
70676
97705
98602
57355
72784
52560
19580
73110
29189
14629
86586
57044
57347
42181
63375
76459
43895
23629
61912
90589
75550
85407
99370
70295
47373
52569
49240
74933
43209
11710
87200
36319
21901
33524
51454
69059
69298
68025
37509
88524
90378
47391
23048
13544
70052
37182
77955
41669
19319
71498
66031
27468
44371
23883
27014
48038
51095
21929
79619
89040
93171
26297
12683
15301
50731
37132
68575
73966
35816
44855
32035
56711
76837
63703
72793
86217
16371
45510
31413
13661
22027
34432
63850
76566
20922
56748
16232
57441
69528
34201
34818
43631
35187
26360
53949
30294
17703
15065
51514
48404
23461
61345
26621
37760
72594
80067
34207
58192
27644
62021
74916
43199
27156
26793
73619
64159
42610
35527
84315
54046
55185
19611
62516
15846
10256
36913
83434
59911
96626
80923
53027
38065
92554
35282
68103
98130
10747
94584
19426
60075
30070
78394
43369
92019
89503
56531
51793
65941
82623
93278
72441
55148
33722
22031
10061
33984
83166
71098
57239
58262
55358
26850
63758
84623
77521
28596
46979
77468
85534
94756
22993
34790
82583
23606
35012
50522
62565
29810
12944
86693
95336
29137
58313
97561
28158
95346
35211
48015
26037
77509
74712
48959
95733
37919
56796
96545
80655
53637
96351
14709
15488
28568
86749
82339
84255
56505
80781
81456
38452
67329
26707
18142
20865
15973
51483
30743
54598
79151
94564
11217
15106
85604
16873
77034
51344
79779
72359
54313
92689
73405
21998
19078
80039
54421
68249
58046
49652
38914
14823
84476
57983
78703
83702
55662
98220
46350
14622
21542
10820
97846
65742
10654
77724
74228
47600
28904
14203
26825
51230
71952
81268
12304
47215
88323
35221
11226
26432
24324
84869
13787
90870
36695
77481
13579
58939
18080
27750
30456
77725
96237
12752
18126
55828
17008
74032
57993
18461
75727
60160
86452
96198
72760
42846
56927
39089
27656
33100
56756
85996
45223
16841
76952
69089
90065
55679
12250
47806
76880
59296
95283
89324
11281
54033
91732
82639
88416
52357
36362
87747
13201
45997
61439
53959
56628
55285
40226
39285
70877
58671
96505
79297
22908
19684
13204
13936
36295
98841
46971
34238
34038
85125
25645
20593
59597
21654
16361
49928
87178
28729
22196
42709
31429
93451
67971
35779
24194
99281
24183
42564
39820
82759
32789
42055
69983
72239
27985
78494
58073
21214
60732
49071
47171
91840
67032
58639
87849
60018
73784
85491
98254
73529
24388
80019
35064
27951
90525
14267
61524
84730
14807
33129
77751
23847
73675
83321
38075
92466
15580
12567
47193
41356
64107
42866
31942
58168
85001
67009
94915
42986
55354
51884
90983
26646
54411
75412
91004
98205
61301
47889
54477
87561
25009
51030
75911
17629
45718
96601
32917
66119
22076
61094
91725
93217
19055
88736
96144
89370
13989
38516
91252
16685
54695
48058
53835
98690
95779
38532
78110
52920
30720
56694
13145
73826
23012
73776
75742
77751
11179
42503
91805
93290
53509
76714
72941
18320
12424
97776
98525
52431
41793
20860
87448
85732
81740
75941
59732
68748
69539
68367
48036
49147
40994
39731
19626
16446
12329
89406
31395
95504
24576
41670
82634
33698
91737
17438
29721
30553
20862
47730
68422
30066
66531
98390
30020
66809
42469
40764
96669
53888
35672
29911
79638
57284
26251
80489
37867
24094
63113
69865
65070
82626
61769
51909
86184
40981
95696
81478
85983
96317
39851
95752
25278
54354
92510
27941
94910
90284
87445
45350
16931
40726
83741
32022
49576
82121
45986
10320
40861
82333
97223
55324
83157
72239
28289
83407
71478
82277
33150
88159
84452
71566
26667
27152
65121
37059
38565
37737
85193
19777
64779
63030
96486
26023
62999
48814
42955
54263
57145
86533
57962
55145
52654
77627
66690
33148
64160
42722
45664
16386
88559
45478
88002
21630
36310
77370
50685
77749
75529
11053
38398
31400
72377
34976
52004
99924
90371
10862
40178
55062
61618
72703
90451
75280
32641
36637
48476
74185
66578
91172
12051
10116
92841
67397
17671
44802
80076
20706
89868
45772
44560
89715
22830
68618